190
207
308
539
620
772
774
777
801
821
1981
2247
2283
2383
2398
2576
2721
633
194
195
269
624
2562
201
212
216
221
256
266
281
292
313
316
656
758
759
768
769
775
819
903
908
913
959
1983
2079
2086
2167
2178
2257
2270
2272
2333
2334
2349
2557
2558
2561
2572
2594
2619
2631
2635
2641
2644
2711
205
206
208
209
213
214
219
816
204
218
220
897
2205
639
802
2193
2274
2412
2570
2603
2638
2699
2738
2607
225
229
230
231
2579
2583
2622
2264
235
236
782
248
314
667
794
902
1963
2097
2105
2598
2656
243
244
245
247
249
250
251
252
257
260
268
270
275
280
627
661
746
831
917
2374
285
288
822
2132
2268
293
303
309
311
312
907
2169
2170
537
541
542
1987
2240
622
631
2356
634
635
641
670
1956
643
650
652
654
2159
659
662
663
665
2162
2408
2642
668
748
753
756
765
766
771
773
781
784
805
808
809
817
818
820
826
828
832
895
900
904
905
910
915
918
922
961
232
261
623
2768
1958
1961
2712
1964
2202
1985
1986
2093
2575
1989
2075
2084
2091
2094
2107
2135
2136
2157
2158
2183
2187
2192
2199
2239
2242
2245
2266
2271
2276
2278
2281
2284
2328
2339
2350
2397
2407
2555
2559
2563
2564
2573
2582
2586
2587
2601
2608
2610
2621
2624
2625
2629
2791
2643
2645
2646
2648
2706
2714
2724
2749
2767
2778
2786
2788
2798
2068
2261
646
796
1988
2208
2753
2404
2088
2363
911
2073
2734
185
2072
2248
277
2256
810
1915
2134
2371
2067
2200
2578
2717
2722
2751
2752
2771
2774
619
189
191
621
193
198
2095
200
203
767
210
215
217
223
267
2189
2206
2410
2612
2649
224
234
246
2260
237
241
242
783
800
2137
2596
2639
2571
258
657
276
279
284
287
290
315
625
629
755
2405
2568
2628
2690
666
637
2785
640
644
2164
2198
647
807
653
669
804
2704
2756
744
745
2168
2569
2705
757
779
795
2263
2636
2758
797
799
2279
824
825
833
849
893
894
896
909
914
923
924
958
2258
1914
1919
1939
1941
1942
1944
1948
196
271
304
538
630
636
660
752
834
960
1949
2246
2637
1959
1960
1966
2171
2602
2212
2269
2273
2280
2342
2605
2606
1962
2195
2718
1967
211
274
658
671
1918
1946
2716
2745
2781
2262
2275
2409
2702
2689
2737
2740
780
1950
1954
1965
2719
892
1991
2604
2181
2560
2694
2703
2728
2741
2780
2794
1982
1990
2085
2096
2106
2138
2161
920
2707
2773
2211
2241
2243
2244
2259
2265
2614
2626
2795
2362
2395
2574
2577
2647
2581
2584
2591
2651
2597
2600
2615
2623
2630
2633
2650
2653
2655
2729
2731
2736
2743
2755
2770
2792
2793
2800
3208
1957
2726
272
1968
259
2185
2754
2204
2282
2627
2777
2747
184
306
2789
2076
2787
188
919
1913
1951
2166
192
655
823
830
906
199
202
2182
238
750
2776
899
222
233
239
240
2746
253
254
273
278
282
283
286
289
291
749
956
1936
2133
2156
2163
2186
2632
2701
2708
2725
2757
2790
305
307
310
617
618
626
628
632
638
642
645
540
754
2209
2799
2696
648
751
2616
649
651
743
2180
2370
747
186
764
2691
2709
2720
1940
1945
1984
2069
2080
2082
2092
2175
2179
2565
2750
2769
770
776
778
798
803
806
827
829
2267
901
1917
2165
2399
912
916
921
957
1665
898
2077
1937
1938
1943
1947
1952
2782
1953
1955
1992
2139
2160
2176
2184
187
197
2083
2188
2196
2203
2588
2609
2620
2652
2695
2697
2700
2727
2730
2772
2797
2201
2210
2277
2340
2351
2352
2367
2373
2733
2384
2400
2402
2556
2566
2567
2580
2585
2589
2590
2592
2593
2595
2599
2611
2613
2617
2618
2634
2640
2654
2657
2692
2693
2698
2713
2715
2723
2784
2732
2735
2783
2742
2744
2748
2775
2779
2796
3210
1663
2074
2177
2207
2070
2089
2250
2739
1667
2251
2078
2368
255
664
1969
2710
2197
2081
2191
1916
2393
2194
2396
2190
1920
2253
2087
1675
1668
1666
2401
1673
2071
2254
2323
1670
2812
2864
890
1669
2255
489
531
2891
338
371
439
436
2902
496
2946
498
1764
467
2896
462
414
2918
406
296
435
348
388
354
228
344
495
299
226
382
488
343
2955
451
425
484
370
335
524
264
411
332
365
369
375
2947
486
265
320
360
394
397
418
373
455
404
2889
487
297
419
2330
323
461
479
405
438
339
389
464
298
2470
409
453
2536
493
2036
420
441
421
582
349
5
13
1798
24
2499
11
34
1787
2126
507
546
568
2124
2143
2300
2302
2474
3029
48
71
381
599
2450
2505
3045
3058
3069
108
148
2287
3012
147
175
613
842
2151
2389
2443
2460
3004
3054
10
39
46
57
66
78
83
101
113
131
138
150
158
161
166
294
2028
2020
2440
2435
2451
2486
2520
2535
3030
1883
1884
2125
318
427
508
2430
576
603
2422
2423
2454
2473
2492
2503
3025
3026
3041
3063
325
368
407
2222
402
456
1899
2511
2526
494
572
2484
4
9
44
58
96
100
129
159
302
512
519
595
609
1804
2337
2477
2514
3016
3028
3059
3074
6
12
16
1886
19
23
112
26
28
2469
37
38
45
50
51
55
56
33
47
60
841
2035
61
67
76
99
114
120
123
128
133
141
142
163
170
178
180
515
1791
2416
2444
3017
3055
3209
424
63
65
68
87
90
92
103
104
107
110
118
2512
124
126
132
136
139
2291
3098
140
153
154
162
173
2380
183
301
25
86
93
97
602
98
105
122
134
144
151
164
168
322
2509
2437
336
379
387
471
8
31
40
85
88
106
145
155
167
169
179
358
2419
500
587
607
2529
513
518
549
559
1784
1973
2015
2017
2021
2152
2305
2326
2427
2446
2459
2504
3019
3034
3048
3061
3064
3073
3075
3087
3088
502
523
509
2033
552
2025
2414
566
577
581
588
589
591
2327
616
835
2465
847
1785
54
426
1800
1882
1887
1888
1907
2468
1970
1972
2506
1975
1976
1978
1979
1980
2016
2019
2023
2424
2461
2034
2117
2131
2153
445
2285
2289
2292
2293
2297
2298
2301
2303
2316
2496
2345
2382
2413
2421
2429
2432
2442
2445
2448
2449
2458
2464
2476
2478
2481
2485
2491
2501
2508
2515
2517
2522
2527
2532
2534
342
3011
3020
3035
3036
3089
3101
544
556
562
2306
514
2231
2525
3072
522
3037
3047
3
1799
27
73
181
79
102
119
125
2447
177
473
474
516
543
2123
2145
3052
551
600
839
1805
561
463
2140
2146
2455
2519
2521
3006
3007
3024
3056
3070
32
135
3065
571
606
558
95
14
1905
501
608
2031
575
1794
3060
18
331
2119
580
295
2216
2488
3046
3076
3082
3212
1858
1977
2144
2453
2462
317
2224
3104
3078
3085
3102
838
3015
565
2128
2467
2524
3081
2
7
17
20
22
36
41
431
2343
53
64
116
74
80
82
84
109
117
176
378
2886
130
143
157
165
1971
2417
2456
2457
127
605
2479
2500
3009
49
70
137
146
160
171
172
520
2027
2887
521
615
3090
1795
2415
2426
3049
1797
503
596
511
578
585
610
614
1786
1788
1802
2014
2022
2032
564
2294
2304
2347
2391
2420
2487
2425
2428
2434
2436
2439
2463
2466
2483
2518
2489
2493
2494
2495
2502
2510
2523
2528
2531
2900
29
42
52
62
94
2497
156
69
506
843
390
2441
563
584
601
1796
1806
1974
2418
2433
2452
2472
2482
2498
2507
2513
3039
3002
3018
3031
3044
3071
3077
3083
3086
3092
3093
3103
2480
111
115
121
182
2024
2029
2295
2431
2286
430
415
353
3079
2888
329
398
3038
334
590
2378
43
3042
554
3050
1872
149
429
346
77
1807
2296
443
72
59
300
3097
2490
2320
2149
30
385
384
1885
2331
3033
3107
3003
604
836
1822
1803
1810
3105
3005
3014
491
3013
2290
2317
848
2475
3066
21
359
330
3096
569
174
361
612
3057
1710
573
1863
611
1790
396
579
598
2118
2121
1827
466
2353
3022
1933
2438
3099
2214
3053
81
91
2154
333
2288
3095
3062
3091
75
2148
1793
2030
2141
504
550
2299
2321
3094
505
547
560
574
2127
594
586
844
3027
1789
1792
324
1821
1825
152
545
570
2120
840
1801
3084
1833
1830
567
1894
1866
2122
2142
3021
2130
3040
3080
1881
2218
2308
3043
2309
2530
3023
1835
1861
592
15
89
548
2018
2516
35
555
2026
2332
846
2471
3008
1
2155
1873
457
593
1880
2411
3001
3051
3068
3010
3100
2358
2249
1840
321
2235
2228
517
2225
1829
2892
1895
1813
1826
2236
1321
2314
2147
1932
440
1811
355
337
2318
2313
2310
845
380
583
837
553
1814
1824
2325
2355
3067
326
1839
1836
1874
597
510
1820
1831
557
1889
1926
1809
2319
1815
1850
1865
1817
1832
1834
1868
459
2233
1855
1897
1818
1845
1851
1846
1842
1847
1848
1812
1844
1867
1869
1935
2357
1921
1896
1906
1927
2237
2388
1878
1891
1893
1902
1904
2213
2232
2403
2533
1892
1900
1901
1908
2307
2312
2315
1879
3106
1898
345
2129
2150
3032
1689
1636
1676
1837
460
428
227
386
350
2223
395
2217
2227
1934
2234
340
1862
2899
1843
1816
1854
1875
1823
1903
1929
1857
1853
1931
2379
1841
1808
1838
1860
1852
1859
1864
1910
2387
1922
2375
2215
2226
1909
1696
1767
352
1781
2311
1664
1819
1671
469
1828
492
347
1701
1877
1870
2365
1856
1876
1925
1890
1681
2230
2221
2219
391
1928
364
423
468
480
263
408
351
2220
1871
1849
1678
1695
1697
1729
2954
366
363
2912
444
2897
2940
392
1923
319
1924
1622
2354
393
2898
327
357
410
401
2939
367
341
362
372
376
530
680
687
688
689
691
692
693
694
695
697
699
701
702
704
705
706
708
709
710
713
714
716
719
720
722
723
724
732
733
734
735
737
785
788
789
790
813
814
815
850
854
855
856
857
858
860
862
863
864
871
872
874
876
879
1912
1993
1994
1995
1996
1997
1998
1999
2000
2001
2003
2004
2005
2006
2007
2008
2009
2010
2011
2012
2013
2090
2098
2099
2100
2101
2102
2103
2104
2108
2109
2110
2111
2112
2113
2114
2115
2116
2329
2335
2364
2372
2376
2377
2385
2386
2890
2901
2915
2921
2922
2923
2925
2928
2937
2943
3214
432
477
497
528
532
690
696
698
700
707
717
718
725
731
859
869
870
2951
873
875
891
926
1911
2927
2002
2920
2924
2931
2934
2935
2936
2938
2950
2986
449
416
433
437
481
442
447
452
2895
2913
2952
476
485
2974
527
529
681
2933
2944
703
721
525
2894
2917
2930
2942
2953
377
450
2926
861
472
478
470
526
2948
715
2949
851
482
2893
2903
2916
2919
2941
417
454
413
434
458
2945
483
499
2929
2932
2914
2956
490
403
374
412
446
448
465
786
475
422
1263
1133
1148
1194
1184
865
944
868
1277
1145
1076
1264
685
1014
1237
1272
1098
2766
1261
726
328
931
2990
262
1139
1085
1140
2046
1114
1253
400
927
1089
1030
1041
2851
383
885
678
2849
2998
2976
760
2760
2659
1236
2805
2834
1178
2543
1162
2663
1214
2053
2871
2685
2813
945
963
1105
728
2670
2978
1273
2880
712
1156
2057
2957
2811
2842
1238
736
1227
889
2537
2660
2970
1173
2853
2064
1191
2056
2989
1175
1099
1189
1154
2979
940
1108
1233
1225
2827
934
1144
2058
1158
1218
1289
954
2908
1177
1102
2910
1279
674
2671
1182
1249
682
925
2983
1230
1285
1141
1065
1143
2963
1066
787
2553
2544
2911
2809
711
1174
1252
2038
888
2662
1239
2667
883
2987
1271
2823
1164
2669
1193
952
853
2680
935
1226
938
2857
1101
1222
1163
1262
2803
1192
2539
2905
2969
2664
933
2806
2810
793
2686
2051
976
1229
1097
1185
2832
1165
2838
2406
675
1219
2907
929
1216
2548
2876
2860
2867
2848
2995
1137
1283
399
2684
2999
2961
1029
2673
950
1209
977
1241
1168
2063
2547
2675
2677
1221
2820
1228
1100
740
930
1234
2549
2818
2054
2837
1161
2971
1188
2829
727
882
812
932
2826
1171
2681
684
1275
1274
2679
2546
1210
2839
2538
928
1160
1112
2964
1270
2554
2980
2845
1109
2551
967
1167
880
2682
2808
2977
1104
2676
955
1204
1250
677
962
2854
2550
2962
1235
2850
2959
2807
2817
2859
1110
1212
2059
2852
2846
3213
2966
866
2856
811
2847
1129
1256
2958
2066
881
2392
878
1186
2960
1077
1217
1220
884
1152
1179
729
2814
964
1107
676
730
1183
2825
1187
2841
2658
2665
2687
1176
1208
2668
1223
2994
2065
2904
1247
2552
2862
1111
1180
1103
1048
2761
2828
2816
2844
2041
2984
791
867
2545
2868
763
2843
1153
2661
2855
1172
1213
2804
887
1276
2322
2802
2865
1211
2540
2873
943
2830
762
2824
739
679
2996
1157
1215
1224
2997
2541
852
2831
2882
2672
2906
966
2394
2872
2678
2866
2884
1282
742
792
1025
981
1151
978
356
1046
2973
1091
1254
980
1259
2173
1079
1134
1243
1255
1240
2039
1288
1067
1062
1138
2172
1265
2801
968
937
1113
2044
2542
1135
939
1169
1280
2062
2050
2683
1242
2858
1166
1286
942
1106
1181
2688
2992
2666
1190
2815
686
1159
3000
2909
2061
1150
741
2674
672
2765
2822
951
886
2835
2836
2991
2869
1095
2759
2863
683
2821
2878
2048
1244
2840
2981
982
1260
1290
2047
953
1130
1093
997
1047
1284
1086
1010
1061
1064
979
984
1073
999
1074
994
992
1027
1043
1063
1128
1040
1201
1026
1278
2819
965
990
1131
1069
1126
969
1245
1000
996
877
970
1001
983
1251
1045
2043
1042
2037
2049
1127
998
1083
1084
1013
1146
1248
1012
1203
1206
2052
1090
1200
993
2982
975
971
1075
1028
1092
1170
974
1202
2045
1205
1070
995
2361
936
1071
2040
1281
2174
1147
2055
2988
2874
1258
1088
1136
1142
1081
1287
2229
1125
1207
1231
2042
1080
3211
991
2883
2833
973
1246
1232
2324
2762
941
2965
1087
972
2985
1155
2975
2060
2968
2881
1096
761
2875
738
1257
2764
2861
2993
2972
2885
2877
1149
2879
1068
1132
1072
2967
2763
2870
1930
1657
1011
1082
2238
673
1078
1094
1044
1653
1693
1705
1660
1773
1685
2252
1674
1655
1677
1630
1683
1581
535
1322
1748
3108
946
3138
1635
1638
1648
533
1317
1435
1564
1632
1704
2336
3141
949
1706
1614
1708
1714
1755
3194
1003
1582
1199
1295
1318
1327
1500
1342
1345
1347
1354
1374
1382
1403
1408
1419
1421
1433
1437
1461
1468
1477
1496
1522
1530
1545
1571
1575
1598
1650
3109
3111
3124
3132
3133
3142
3147
3165
3174
3179
3181
3197
3206
3207
1355
947
1315
1316
1324
1593
989
1116
1267
1299
1375
1479
1493
1507
1519
1565
1595
1008
1016
1305
1320
1361
1385
1411
1462
1536
1548
1553
3120
3139
1031
1115
1118
1291
1034
1050
1609
1058
1059
1585
1122
1004
1298
1687
1302
1303
1440
1304
1366
1367
1405
1441
1447
1494
1498
1557
3184
1313
1314
1330
1335
1338
1633
1346
1357
1362
1363
1364
1373
1379
1383
1400
1418
1436
1393
1394
1396
1398
1399
1401
1407
1415
1568
1422
1424
1478
1430
1439
1443
1445
1448
1453
1455
1456
1457
1464
1465
1467
1469
1472
1476
1488
1495
1499
1502
1504
1508
1509
1510
1512
1516
1529
1531
1534
1535
1538
1539
1590
1541
1542
1543
1544
1549
1550
1555
1558
1559
1572
1573
1574
1576
1578
1588
1601
1602
1604
1605
1608
1610
1611
1612
1615
1617
1728
2341
1730
1731
3122
3125
3137
3150
3152
3158
3161
3163
3167
3168
3173
3175
3177
3183
1018
1038
1268
3114
3121
3154
1020
3145
1397
1459
3171
3172
3178
3195
1049
1319
1388
1518
3117
3190
1497
1547
1060
1341
2348
1343
1348
1351
1606
1391
1420
1463
1528
1726
1599
1686
3156
1713
3193
1770
3130
1007
1772
1196
1053
3159
1380
1427
1449
1484
3162
1552
1554
1562
1526
3134
3135
3144
3160
3166
3198
1340
1417
3170
1392
1413
1434
1524
1404
1471
1423
1485
1533
1506
1540
1567
3157
1521
1577
986
1294
988
1032
1297
1323
1409
1515
3127
1009
1015
1700
1720
3204
1017
1019
1033
1334
1051
3203
1055
1057
1117
1121
1329
1402
1551
1195
1197
1292
1384
1450
1454
1503
3164
3189
1326
1328
1333
1337
1339
1349
1350
1352
1353
1369
1370
1426
1452
1490
1517
1570
1591
1596
1603
3115
3199
1527
1365
1368
1371
1372
1377
1378
1381
1387
1474
1395
1428
1438
1442
1444
1451
1458
1466
1475
1480
1481
1492
1501
1511
1513
1514
1520
1523
3205
1525
1537
1560
1561
1563
1566
1052
1119
1120
1123
1301
1325
1358
1376
1386
1470
1594
1583
1584
1592
1597
1600
1607
1613
1616
3131
1661
1752
3116
3119
3126
3149
3176
3182
3185
3186
3187
3188
3200
3202
1709
3112
1586
1022
1056
1360
1406
1416
3148
1589
1747
1760
3110
3113
3151
3169
1039
1486
1742
1680
1311
1783
3143
1765
948
3136
1124
1308
1356
1628
1579
1054
1431
1580
1782
1036
1692
1647
1724
3118
1482
1489
1483
3192
1715
1021
1006
1621
534
1757
1024
1569
1746
3140
2369
3153
1662
1756
1336
2346
3129
1491
1505
1023
1556
1703
1769
1296
1331
1750
1389
1412
1694
3180
1446
1487
1532
1682
1639
1546
1410
3191
1712
3196
1646
1688
1737
1771
2381
2360
536
1623
1432
1035
1777
1198
3123
1587
985
987
1460
1711
1344
1717
1626
1759
1768
1758
3201
1751
1780
2366
2338
1716
1691
1643
1269
1473
1654
1763
1634
1637
1719
1005
1037
1312
1627
1723
1753
1640
1736
1425
1414
1775
1651
1658
1390
1625
1656
3146
3155
1735
1749
1359
1738
1652
1779
3128
1310
1727
1732
1690
1741
1776
1293
1645
1002
1266
1659
1309
1740
1631
1754
1707
1739
1699
1620
2390
1778
1644
1721
1307
1761
1641
1429
1629
1619
1745
2344
1725
1679
1718
1744
1733
1766
1743
1332
1642
1618
1698
1649
1300
1702
1684
1722
1624
1306
1734
1774
1762
1672
2359
