70
164
463
3070
2243
2453
3173
1812
2454
2484
2958
3091
352
3121
500
2327
2557
148
2466
2460
50
2040
53
417
1890
365
110
1404
128
3000
52
114
38
64
138
139
490
516
550
565
1954
2308
2497
2530
3100
3156
56
130
177
443
578
85
844
2500
2319
172
180
1829
2494
353
2
483
549
567
1920
572
603
832
1024
2406
1854
1850
1903
1908
1925
2142
2499
3088
2322
20
33
108
116
158
171
173
545
2340
2382
2999
2404
3112
2495
3102
3144
2527
3084
74
1924
2501
3170
55
111
1906
2162
3114
3131
541
124
129
181
841
2033
2168
2490
3094
3190
2257
2338
1928
162
570
592
1922
2043
2048
2149
174
469
3111
2234
1722
1506
1778
2522
1683
1642
3168
78
143
504
2035
3080
3113
2360
612
2491
2513
51
1877
2325
3082
3174
3159
175
1858
135
183
512
1841
2309
71
2559
72
1944
2324
335
2151
3116
2403
69
3126
166
2516
337
491
596
1831
1838
1905
594
2047
2342
3169
2496
2321
107
2141
2143
2315
2503
2519
170
2320
2532
2479
2247
121
1842
1707
3047
1853
2452
3076
1721
3153
837
3034
2399
426
2533
179
1519
1677
3118
3232
2524
2339
3164
502
59
61
62
1442
330
1022
3009
3108
2254
420
613
2415
581
2244
3129
32
372
486
499
1874
1910
66
1993
2248
2335
102
2348
1855
132
133
134
167
2514
582
2037
2316
2541
462
3096
510
1837
2512
1942
3092
2306
3045
437
449
161
1848
3171
506
2889
65
380
3095
2332
1004
2044
2441
2507
2476
595
3165
589
3119
507
586
842
2317
2525
84
562
1864
54
2307
3075
1810
2477
1674
82
587
6
152
1666
531
2174
3132
113
1648
3176
2038
2052
2446
100
331
410
484
1635
44
3127
1851
438
3072
2330
1759
601
580
1359
27
347
1916
2972
155
137
140
3093
2517
2475
2323
106
131
839
1814
2039
2166
2177
442
445
1665
1703
1880
3145
3218
3138
2390
354
3205
49
88
163
29
86
508
2153
2054
3073
2521
146
1923
1927
2509
3103
94
600
2447
1818
2529
3081
3077
2245
339
425
421
2311
2258
2349
2468
584
1822
79
439
2139
34
2361
555
532
1020
2354
362
1322
117
609
1867
468
3087
2152
1884
1800
384
435
1816
505
341
127
2413
1503
1807
2042
2326
3133
3148
2417
2352
2337
495
566
460
58
1891
551
569
1912
1817
2057
104
338
3097
575
2560
563
92
1892
1913
2310
2511
2523
3069
3101
3141
2551
598
429
3137
3085
83
556
591
2489
89
141
144
1845
2449
423
544
498
513
1949
1951
1952
2056
3195
3279
1945
25
543
2163
1819
1820
3089
3109
3155
2000
2485
2480
2140
2544
2548
3146
3143
1881
2515
2312
2169
80
2437
590
2493
558
3104
574
1889
1758
386
546
2543
1883
2986
176
317
3147
3125
401
2252
1811
322
2538
1904
378
836
1929
2458
434
849
316
2556
1931
840
456
419
48
2526
381
1726
3117
458
2376
2465
153
2145
947
1702
2546
1007
427
501
15
321
2442
1995
2045
105
883
136
77
1996
2459
1868
1177
2539
3
31
1871
2550
1852
1907
1813
1856
2481
2486
1815
2463
5
602
227
492
43
2554
22
12
226
18
2444
2172
109
67
559
1895
1882
45
1859
2402
3115
3106
2341
3134
3172
1878
1898
298
583
1847
68
91
1953
2150
3135
2053
90
1997
156
21
93
118
328
351
487
2450
349
2167
2242
2552
3011
2173
2528
3120
987
3136
2175
1875
552
564
834
159
1688
1926
1832
2366
2370
119
1839
36
2553
2536
3154
101
614
19
98
318
2328
838
2389
2506
1873
511
2492
2502
3139
517
1888
599
3123
8
387
2498
414
263
472
2238
1701
3124
149
2249
403
2443
1950
1902
3099
3105
4
2474
23
182
1861
1857
3130
520
2510
1843
17
95
571
2001
40
76
1801
1870
2144
2318
97
2041
2170
1863
509
1802
2483
1948
377
2380
2246
408
1917
2368
2461
329
1901
2313
96
2531
147
348
1
145
2440
3152
60
3161
7
13
606
1909
2171
46
81
120
125
178
518
1821
1994
1999
2165
2472
3074
3090
3128
63
503
2464
2164
1804
1860
2314
3180
2378
2462
2412
3078
2451
2467
576
1840
3160
87
547
2549
3162
154
1824
2535
356
406
126
37
41
122
151
561
588
2478
2482
2970
10
297
123
165
2239
3079
395
573
452
515
2555
2967
453
554
579
611
608
1911
2471
2508
1915
3024
2355
2470
2562
3071
389
1894
1808
1835
1866
1872
169
1992
1806
3140
11
2547
14
2545
2558
160
542
553
359
367
585
1919
2333
1836
1862
2256
2445
2504
2537
3157
1893
2540
2487
2534
3086
3122
3149
3158
1697
2148
3142
831
35
2276
1943
1773
1795
2428
605
514
1706
2334
3166
476
385
3023
1879
1775
28
1567
1833
843
295
1698
42
1280
2469
391
521
610
833
2987
485
577
1823
2146
835
1739
345
3224
1409
1021
112
333
24
1715
597
1809
1827
1946
1956
2561
3150
2457
1754
1705
1803
2520
2147
26
30
1708
3163
2488
9
428
1830
3107
2046
3167
346
2965
382
2983
294
477
1828
1243
3110
1885
383
1918
2448
388
3151
568
2347
1846
376
75
430
2255
2456
2505
228
2966
115
150
1991
2988
607
1030
39
364
480
73
3083
1805
1876
522
593
340
1849
407
2957
168
473
2956
465
379
392
433
441
3007
326
400
416
493
1676
1236
2693
557
709
1947
2914
2235
1329
16
1052
1678
157
319
342
2270
409
3025
370
402
700
481
2959
3001
371
343
2271
332
3010
451
475
448
2971
411
47
366
262
474
2036
299
300
869
691
446
3015
454
418
1887
2993
296
489
851
361
2969
876
301
694
723
2962
440
455
2236
2997
687
470
466
358
2028
3019
447
717
732
375
496
701
781
471
530
497
3017
525
859
2030
696
719
450
705
734
712
867
350
698
784
2120
529
686
721
2137
3002
702
2990
526
527
697
865
866
2023
2026
2981
3020
3021
528
706
711
852
2020
2024
2029
2130
2136
685
689
810
850
856
871
2021
2110
2119
2124
2135
3003
3004
695
708
868
782
809
2992
2022
2358
699
854
2121
3008
703
714
1933
718
729
730
858
927
2014
2015
2016
2017
2018
2034
2118
2122
2123
2351
2400
2409
2410
3281
720
2032
2031
2131
2134
2387
2961
2963
2964
728
731
2995
3005
870
1932
2401
3014
704
478
2019
692
2025
722
785
786
846
891
2132
2396
2991
3012
3018
3022
2439
374
690
2989
431
847
707
693
373
713
3054
2027
479
3016
715
2973
3055
2984
2098
1228
2836
1087
862
1222
560
2241
2411
3066
928
320
2875
2951
3063
444
324
488
2937
369
464
1998
2982
2542
1636
1664
1377
1714
1787
1675
2364
3098
2455
3206
1647
2055
548
2182
334
344
2996
432
494
461
457
3061
2082
1886
412
679
2985
943
2253
3278
2938
264
523
1930
873
973
2797
724
1181
738
1163
881
1161
2576
2868
940
1083
1108
2980
1150
1133
2978
1059
1302
2070
1189
725
1076
1155
1209
2572
2795
2941
3031
1121
3056
2570
3026
2072
2702
2703
2860
789
1062
945
1078
1196
2251
2857
355
2932
2793
2794
1077
1122
1252
1123
1303
2064
1269
2563
2343
3051
1162
2789
1230
2943
1229
875
727
2949
991
877
2925
964
2434
2916
1012
2353
2850
953
2844
3036
1071
758
954
2864
977
1154
482
1144
2060
2567
2851
931
2194
2696
888
757
938
1238
2879
3060
1292
2564
1060
1104
1171
1240
957
1073
2709
2848
2688
1126
2955
2892
1129
2705
1185
1237
2880
942
1101
2901
2076
1132
1224
3062
2568
1151
2885
1232
1262
1276
2078
2870
2871
2904
2063
1296
2881
3043
951
861
1026
1247
2684
1268
1266
2895
1298
1043
1213
1215
3064
1869
886
1138
2979
1091
1270
675
1263
2687
1106
2699
1064
1184
1306
929
1080
3065
677
937
2893
1291
1179
1274
1136
1074
1139
990
1142
682
394
968
2861
2573
2849
1001
1239
1157
2847
2902
726
683
926
2911
932
735
2859
1094
1174
756
2939
952
2259
2569
965
2867
1261
680
1191
2855
1193
2080
1038
3058
967
2977
2905
1152
2862
2701
3027
1140
2062
971
1206
1145
2579
999
936
2195
676
864
2707
925
2578
2711
2942
1089
736
993
2571
1300
2704
1125
2873
1242
2071
2689
3057
2853
2929
1249
1068
1253
1100
1098
2947
998
1284
969
2714
935
1170
1293
1039
1044
1061
1086
524
2890
3033
670
1147
2898
2786
2066
2073
2692
2891
2915
2842
672
716
733
360
368
396
405
2933
673
710
759
1218
2566
2713
1294
2865
1271
2079
2888
3044
848
979
1146
2846
1069
1288
1128
2944
1264
674
887
934
1067
1205
1099
2084
1141
3280
1168
1219
3028
808
1097
1109
1235
880
2712
3037
2912
2918
2792
2936
930
681
1075
3046
1072
966
3032
874
1182
1248
1723
2077
1231
2700
2975
1180
2897
2922
1250
2924
2917
2935
1158
1000
1130
1127
2086
1223
1208
1065
1278
1088
2884
3039
1095
1172
2575
2845
1187
3030
1244
1081
3049
2863
1160
878
1063
1134
1084
2886
1190
2085
2919
889
1307
984
1124
2577
3040
885
1301
1256
1258
2069
2697
2921
941
1167
1204
1251
3048
1257
1272
2877
1041
737
997
787
1066
1225
1255
1211
1159
1287
2065
2416
3035
1273
1197
1245
2058
1137
1233
2899
1210
1025
2876
2791
2838
2799
1070
2910
1092
1297
2695
2896
2685
2388
2931
994
879
2866
1169
996
956
2928
2854
2894
1028
2856
1217
807
1277
2706
1120
955
981
2074
1105
1011
3052
2565
2708
2920
978
1107
2081
1165
2787
884
1164
1220
2083
2346
1914
2250
2950
3038
3041
1246
1234
1214
2574
1143
982
2952
2423
2837
1149
1254
1093
1135
2843
2418
2883
1275
2068
1195
1085
1290
2796
1027
357
2344
2913
946
2945
939
2976
424
1090
2839
2785
976
1265
1166
1304
2683
995
1040
2710
1173
1131
1042
2686
1010
1057
2790
2874
323
467
1283
1955
2431
265
393
1259
2852
1227
398
933
788
980
1079
2841
2923
1295
3059
1153
975
3053
2690
1194
1207
2059
1260
2946
2834
3029
1148
1186
2954
863
944
1058
1216
1267
2798
2906
2872
2908
390
1188
2075
1694
1896
1212
2384
2240
2903
2930
2691
2927
1192
1289
2974
983
2698
974
1305
2948
336
397
972
1096
2129
684
1178
1183
2840
1865
1176
1299
970
1226
3067
1175
1014
2694
2900
1198
2953
783
2835
2237
2788
1221
2960
1082
2858
3042
2345
2926
2907
1241
1286
992
882
2878
1156
1285
1013
2882
1103
1102
2061
2940
2067
2934
2887
3050
2869
399
1786
1447
1738
1658
3276
57
1897
1645
2176
604
1637
325
1114
1654
1711
422
1643
1763
1798
950
1646
1710
1921
2518
2968
1727
1281
1743
3175
1588
142
413
2381
1494
1681
1709
1750
3220
1756
1279
1034
1669
1641
1742
1651
2393
2050
1693
1757
459
1203
2051
1318
1363
1725
688
1766
103
2998
99
1339
2473
1373
1418
1388
2272
1023
1670
1655
1035
3068
1696
1340
2049
671
1002
1671
3238
1599
1443
3213
1481
1366
1533
1689
989
1352
1524
1746
1449
3228
1434
1371
3257
3260
3249
1700
1487
1427
1346
1695
1785
1439
1825
1480
2329
1782
1682
1333
988
1716
1631
1770
1338
1844
1659
1571
1740
1037
1414
1783
1771
1765
1774
1320
1606
2377
1732
1200
1718
1362
1423
2336
3179
3181
533
1380
1452
1733
1780
1542
3211
1657
1526
1201
1796
1529
3255
1612
3233
1719
1640
1585
1313
1556
1799
3200
1592
1899
1826
1768
1900
1432
1473
1559
1731
3197
1735
3182
1609
1117
1761
1781
3259
1358
2367
1316
1369
1520
1323
1748
1032
1532
1788
1616
1541
1429
2359
3202
1713
1605
1834
1639
1644
519
1437
1412
1411
1350
1055
1550
3219
1724
1753
1017
1660
1772
3221
3250
1492
1406
1650
1764
1006
1468
1499
3214
1560
1638
1118
2405
1405
1578
2383
1005
3235
3248
1009
1451
1046
1586
949
1344
1353
1554
1381
1401
1402
1403
1413
1448
1459
1489
1551
1562
1577
1610
1769
3201
3227
3254
3262
3272
1376
1525
1649
3270
1395
1345
1477
1543
1116
1355
1652
2414
3239
1387
1581
1465
1466
1734
2369
2371
1752
1628
3256
1618
1797
3222
3203
1372
1325
1662
3196
1791
1699
985
3274
1522
1552
1767
1619
1521
1672
1310
1704
1029
1045
1051
1341
1342
1396
1453
1467
1485
1789
1036
1337
1584
1319
1744
1393
1472
1579
1593
1407
1335
1375
1049
1354
1324
1508
1630
1793
3207
3209
3216
1589
1629
1590
1679
1360
1751
3265
1282
1784
1469
1476
1053
3241
1509
1202
1745
1015
1199
1760
1516
1047
1528
1790
1384
1475
1110
1558
3208
1458
3247
1673
1331
3191
1399
1400
3184
1728
1549
1422
1470
1580
1056
1450
1351
1315
1482
1557
1334
1383
1397
1484
3177
3246
1621
1762
3253
3269
1031
1632
1054
1321
1111
1330
1747
1336
1493
986
3192
1113
1379
1420
1425
1426
1431
1462
1667
1729
3187
3234
3264
1488
1546
1547
1474
1736
1364
1365
1410
1421
1441
1454
1457
1534
1553
1555
1575
1583
1595
3183
3186
3198
3243
3271
3273
1386
1622
1436
3204
1730
1755
3223
3244
1502
1600
3013
1008
1356
1496
1545
1435
1311
3242
1539
3230
1498
1564
1634
1535
1378
1776
1531
1357
1794
3210
1391
1479
1368
1312
1510
1576
1419
1597
1444
1019
1382
1438
1568
1327
1514
1620
3229
1424
1460
1505
1633
1527
1471
1033
1566
1504
1370
1390
1398
1415
1433
1491
1500
1501
1511
1523
1536
1596
1608
3217
1430
1720
3231
1326
1428
1464
1490
1570
3212
1598
1540
1530
1603
1668
1440
1495
3268
1617
3215
1463
1314
1392
1486
1779
3236
1573
1343
1348
1349
1611
1461
3267
1627
1594
1582
1119
1517
3193
3263
1347
1446
1408
1591
3178
1656
1018
1374
1507
1565
3266
1050
1574
1741
1115
1601
1663
1561
1328
1385
1394
1416
1569
1615
3185
3189
3225
3194
3261
1361
1389
1624
1417
1513
1572
1445
1613
1455
1456
1478
1497
1518
1626
1737
1792
3240
3251
3258
1515
1537
1548
1587
1653
3199
3226
1003
1048
1563
1544
1607
1367
948
1691
3252
1604
1308
1712
3188
1777
1661
1317
1112
1680
534
1749
3245
3237
1512
1625
1538
1016
1309
1623
1332
855
2133
415
2392
2331
1602
2128
436
2909
363
857
860
811
853
890
2091
2594
230
2204
2720
666
742
746
2005
2391
219
892
232
920
2715
199
311
815
823
960
1973
1978
1986
2199
2601
2782
206
652
820
1960
791
225
271
795
2198
2429
630
655
798
1963
2011
2201
2635
2652
633
636
773
665
741
753
2115
2233
2823
916
922
2200
2229
1938
1958
2004
2185
2613
2263
2285
2587
2641
2718
2740
2833
762
623
2374
2717
2375
2650
2742
288
826
2608
267
2604
272
2097
274
919
2301
2624
2632
617
2009
2291
824
2296
668
2180
2207
2631
2221
200
210
740
244
307
313
803
805
1982
2112
2160
2202
2673
2729
2753
2815
2816
220
770
898
2266
2278
2651
2775
242
744
794
2088
249
254
2092
2095
913
2157
2282
2432
2755
2821
767
639
2106
2630
644
2003
2598
2811
634
273
739
657
796
535
2763
281
252
204
2828
261
213
640
793
2825
312
812
917
802
2616
215
618
763
754
2639
768
825
912
845
2192
2365
2425
2610
1965
187
2010
2232
2593
185
536
538
638
2002
2159
2218
2602
2628
209
2189
2822
237
306
620
651
908
1981
2117
2746
2810
2398
2436
285
647
1957
2279
2636
2765
304
625
661
2659
2105
2592
2726
2653
1988
2732
2158
2716
2277
2299
2805
537
2832
2682
2675
1979
223
2292
654
314
911
241
764
902
2633
277
1985
748
280
309
619
186
233
2749
3275
190
196
214
234
243
247
291
637
2178
667
1940
2265
2303
2427
776
907
1976
1977
1990
2116
2125
2155
2681
2188
2267
2748
2305
2667
2397
2435
2617
2627
2764
648
769
198
216
218
308
539
646
2156
658
662
268
958
1972
1987
2191
2588
2727
2803
765
797
813
923
1937
2113
2638
2187
2262
2596
2618
2664
2666
2670
2672
2770
772
2665
2774
799
2099
2197
2754
2421
2408
645
909
2728
818
2745
828
2230
2206
2216
2605
2776
2394
2422
2620
2671
2363
2419
2817
1975
2426
819
211
750
2606
817
2008
1935
2438
3277
2220
2186
2809
2735
207
899
963
540
895
1941
1980
1961
2012
2219
2385
2603
2750
2801
2814
1974
2634
2807
2756
245
2730
193
224
2395
2102
2294
2275
275
2623
282
2800
2126
2812
2210
2830
2211
2752
2640
897
2227
203
780
2719
669
2647
286
2179
2108
2096
1614
191
760
2597
2826
2819
2669
231
792
2645
2760
2583
194
2747
774
2668
2228
2780
649
2273
2208
804
2580
2215
2090
629
2284
2723
2424
292
621
659
778
800
2680
771
628
962
2093
653
635
959
2678
1939
2591
2818
2784
642
2379
2127
2614
189
290
2621
2761
2213
287
622
827
2212
2802
2586
2622
2736
2744
201
205
266
660
2089
2100
2161
2217
184
188
2629
2820
197
801
276
208
248
279
302
305
631
641
894
896
900
2181
2288
2642
2724
2743
2757
2767
2768
2779
752
2231
2611
2663
238
743
2280
2758
250
1936
259
278
961
2205
806
821
829
2114
2590
2625
2648
2778
2824
905
914
1686
2224
2209
2214
2585
2287
2806
2295
2829
2356
2612
2679
2804
2372
904
1970
2269
269
283
624
664
906
924
2223
2655
2677
2766
616
1959
2183
2297
2656
2771
192
830
2104
1971
2734
2781
2290
2184
2643
2300
2658
258
790
2759
2373
2154
2649
2281
2637
2654
2722
2725
2808
822
2772
910
221
1964
663
779
2203
2433
2582
2773
2777
745
2264
253
2109
2087
749
2751
2013
1969
310
2739
632
2607
1989
315
1967
240
2589
816
2420
284
2741
260
893
257
747
2362
2386
2783
256
270
2615
627
656
751
777
2584
2827
903
293
755
814
1983
2430
2225
2298
2357
2657
2674
1962
2609
2260
2286
2304
2289
2660
2661
2268
212
1984
2111
2738
255
2196
2626
2644
2261
2581
2193
2731
236
650
921
2190
2350
246
918
2831
289
775
2721
239
615
195
202
643
915
2007
2595
2222
2283
2662
2762
2813
1966
2646
251
2619
1685
2737
2769
901
217
303
2107
2006
235
229
2600
222
1483
2302
626
766
2407
1934
2599
2103
1968
2733
761
2676
1692
1687
2274
2094
1690
2293
2101
1684
2226
404
678
3006
1717
2994
2138
327
872
