1
4
5
8
11
14
41
47
61
63
75
81
89
112
117
125
133
136
154
166
175
179
183
191
233
235
248
253
272
280
298
309
310
346
356
360
364
374
383
393
405
414
429
500
503
521
525
530
536
561
575
621
623
641
654
662
672
676
677
705
710
738
739
780
781
785
788
799
842
882
899
924
933
940
944
946
957
958
960
991
997
1033
1042
1050
1067
1083
1128
1135
1159
1190
1317
1449
1456
1463
1471
1499
1742
1886
2193
2424
1484
2116
1344
1945
1685
1958
1400
1407
1658
1744
1779
15
1626
2402
300
401
1482
1485
1668
1850
2027
725
818
239
1036
1429
1622
2298
2248
702
1450
1623
1787
2086
2097
2216
2372
614
34
1593
2058
2143
2190
2515
828
1387
1047
2339
1740
2237
1559
2396
1561
2341
1414
53
902
1842
1911
2307
1690
1715
1717
1808
2014
2363
96
458
496
894
1263
1360
1373
1395
1403
1421
1431
1481
1504
1536
1542
1650
1831
1846
2061
2223
2269
2351
580
1530
203
291
845
856
1508
1522
2084
2104
2226
2234
2472
2400
1163
1537
1766
1527
1291
1443
1703
2268
1392
1428
2309
823
2354
839
1724
2377
2279
1309
1585
85
206
234
261
290
315
319
371
388
432
434
539
596
715
763
797
857
885
1035
1147
1171
1335
1381
1681
1900
2189
2479
2493
1340
1469
2353
1415
1510
1493
2319
1280
1618
1679
2242
1884
1041
1914
286
971
2049
2361
1897
1903
1170
7
39
42
56
57
87
209
210
247
287
311
381
412
417
443
468
489
510
513
534
582
588
616
617
631
633
663
665
678
723
736
754
759
761
779
824
832
853
867
869
877
881
886
931
939
942
965
1002
1003
1006
1032
1077
1096
1102
1172
1213
1223
1256
1332
1337
1351
1364
1452
1462
1483
1500
1513
1517
1538
1610
1636
1666
1693
1704
1738
1750
1773
1837
1862
1868
1901
1915
1930
1960
2056
2066
2090
2094
2141
2150
2153
2176
2224
2256
2290
2342
2397
2430
2436
2444
2456
2475
33
2106
1581
977
1859
2008
2506
1591
1939
1741
67
1348
1399
2179
2217
313
472
547
1393
1489
1599
1667
1745
1794
1899
2002
2062
2356
2177
1764
1789
2247
62
1040
1594
1760
1957
213
435
511
700
1275
1302
1378
1434
1526
1607
1653
1677
1778
1790
1919
1929
2006
2126
2258
2275
2337
461
1008
1394
1446
1553
1830
2085
2132
2229
2241
137
188
599
601
1031
1324
1370
1498
1506
1548
1606
1861
1906
1916
1928
2173
2236
143
250
316
382
421
504
541
571
579
704
718
720
831
854
923
981
1178
1338
1473
1501
1520
1523
1557
1598
1697
1707
1726
1840
1853
2040
2089
972
1167
1296
1318
1574
1730
2009
2033
2100
2187
2366
2421
292
1965
1876
499
1582
1762
1282
2149
1078
1141
2317
2107
1294
1365
1372
1435
2195
1503
332
498
1323
1358
18
40
45
50
79
119
303
358
589
611
657
783
784
849
879
922
1056
1134
1305
1454
21
31
153
270
295
330
350
376
452
480
491
523
559
567
660
689
690
707
770
871
969
996
1000
1440
2146
69
152
174
834
1931
78
94
173
341
389
457
484
586
675
688
749
801
873
921
998
1060
1066
1330
1511
2030
91
730
734
821
985
259
329
562
587
650
822
1071
1696
1587
892
2265
3
10
48
86
113
121
132
149
155
180
212
225
267
276
326
336
340
354
439
463
473
482
548
553
558
564
629
636
703
717
732
743
773
825
891
916
948
962
1024
1028
1039
1059
1075
1112
1126
1184
1239
1240
1244
1268
1269
1281
1287
1288
1297
1303
1328
1342
1345
1357
1362
1374
1375
1382
1384
1422
1432
1433
1437
1464
1495
1525
1531
1552
1563
1569
1575
1578
1624
1635
1637
1645
1655
1674
1687
1699
1700
1728
1781
1827
1836
1839
1843
1871
1904
1937
1946
1986
1990
1992
2018
2071
2095
2101
2128
2166
2175
2196
2200
2208
2227
2235
2253
2334
2352
2411
2425
2449
2487
2526
9
1652
1713
2130
2289
104
243
392
474
626
1516
1549
1671
2082
2282
915
1529
768
2013
1898
872
1426
395
460
1514
1865
2379
2108
565
1419
1545
1761
2001
2274
2471
423
620
2046
692
1438
1315
1401
1497
1566
1573
1604
1732
1912
1966
2025
2367
2474
1293
148
896
1608
2185
283
2385
2127
1649
572
1331
1847
402
2409
379
1863
1934
578
1430
2067
13
26
240
479
28
140
161
37
192
46
277
778
88
520
918
194
494
232
296
338
281
406
585
726
368
829
375
488
404
409
728
1065
478
995
522
524
642
852
681
748
751
755
844
764
774
1054
1069
811
847
25
687
1166
27
757
43
66
164
222
71
306
422
684
963
73
305
927
77
403
758
171
446
109
115
493
1009
147
208
830
185
424
656
198
841
279
545
874
1027
345
333
366
459
666
453
658
775
485
930
533
920
1875
554
1379
1313
2231
2500
139
365
590
367
464
497
600
1688
426
1156
1459
1936
2501
772
913
1267
1420
1458
1629
1961
2004
2010
2088
2267
2502
1347
2219
2220
20
59
65
159
169
197
211
221
227
238
256
273
278
297
337
339
344
390
391
490
495
501
509
516
546
550
557
563
568
624
632
694
699
737
745
750
765
790
806
810
846
943
967
982
1004
1010
1013
1025
1055
1070
1074
1076
1138
1144
1183
1192
1203
1230
1292
1343
1441
1466
1640
1723
1797
1996
2035
2053
2417
2441
646
1634
2263
2294
2347
141
1161
1524
1729
1942
1951
2291
512
1377
1592
2015
1301
2155
1752
2134
2431
128
1453
706
1854
2481
1044
1893
427
651
2398
355
1198
1333
912
1656
1325
1714
30
38
49
54
101
118
158
167
223
265
416
420
456
514
573
625
714
740
767
794
809
833
860
890
952
1133
1142
1175
1272
1298
1353
1356
1359
1367
1376
1389
1412
1417
1457
1477
1479
1576
1584
1630
1646
1648
1659
1716
1725
1735
1743
1769
1783
1784
1822
1825
1844
1851
1864
1888
1892
1938
1940
1971
1987
2043
2072
2118
2120
2123
2156
2165
2171
2199
2204
2206
2243
2262
2280
2288
2303
2323
2326
2344
2355
2362
2382
2387
2440
2450
2490
2492
2498
2511
695
1099
1496
1543
1849
1999
2081
2096
2218
2388
974
2005
2460
735
2332
1413
1100
2325
2099
2442
2302
1614
36
74
114
129
145
151
217
257
347
408
411
444
527
528
610
630
691
709
716
800
814
816
900
993
1019
1109
1124
1224
1270
1544
1586
1642
1706
2233
2244
2276
1271
384
542
634
2170
1460
2285
288
2250
23
70
103
138
176
187
226
252
334
369
407
419
438
450
505
507
526
535
592
619
682
686
713
727
741
742
760
769
791
817
827
862
909
929
934
937
989
994
1021
1022
1090
1114
1122
1146
1283
1319
1425
1555
1639
1669
1782
1810
1860
1877
1994
2103
2148
2158
2264
2284
2299
2329
2480
2520
2528
262
2271
52
168
229
236
331
670
870
911
968
999
1097
1243
1691
1775
2315
60
1718
2359
2419
597
1127
1970
2073
95
204
1390
1565
1855
2201
2369
1736
2438
544
988
1451
1838
2513
363
808
1182
1221
2102
955
2266
312
1320
1352
1976
2075
2427
2504
394
2167
492
552
608
2391
218
627
722
1564
1832
1848
1891
2000
471
819
449
1274
1788
44
1061
2464
12
16
29
55
64
97
130
144
163
231
254
271
294
322
396
425
451
455
502
555
560
576
577
667
855
903
908
926
928
932
970
1057
1107
1153
1154
1162
1164
1165
1169
1181
1212
1277
1278
1284
1307
1310
1383
1396
1427
1467
1487
1490
1512
1603
1605
1654
1683
1684
1719
1759
1791
1858
1869
1895
1908
1910
1935
1954
1967
1984
2154
2210
2286
2418
1093
2308
84
241
314
462
537
888
1034
1101
1108
1155
1220
1388
1410
1445
1532
1572
1597
1632
1768
1803
1921
1927
1991
2114
2129
2188
2343
2371
2423
2403
837
1015
1210
2230
1447
746
1815
2145
2174
2194
1834
2093
2429
1355
2304
2240
19
58
107
116
135
142
146
150
156
165
190
263
266
284
285
321
359
372
377
448
454
532
570
584
639
664
674
680
708
712
744
804
826
859
865
895
904
925
945
980
983
1005
1026
1029
1037
1088
1091
1094
1132
1139
1209
1232
1238
1247
1264
1279
1304
1322
1339
1350
1368
1369
1404
1416
1486
1568
1580
1589
1590
1620
1638
1661
1673
1675
1680
1695
1712
1770
1795
1799
1800
1826
1829
1866
1867
1872
1974
2020
2078
2080
2125
2137
2182
2318
2333
2374
2478
1262
2
645
1835
1148
302
1905
2378
228
1727
32
76
108
122
126
160
177
193
199
202
216
224
242
264
325
327
335
351
380
385
400
415
430
437
469
475
481
605
622
635
787
792
843
851
868
875
884
901
907
947
1011
1045
1046
1052
1072
1080
1095
1103
1115
1119
1130
1150
1160
1187
1188
1191
1196
1201
1207
1211
1216
1217
1229
1231
1234
1235
1251
1308
1312
1316
1336
1494
1519
1571
1588
1664
1676
1682
1701
1754
1757
1922
1923
2047
2191
2328
35
134
237
244
289
324
353
529
638
669
673
813
815
848
953
973
1018
1020
1086
1131
1180
1248
1254
1255
1273
1300
1329
1334
1349
1361
1380
1461
1474
1480
1488
1560
1596
1619
1621
1657
1662
1686
1709
1720
1722
1767
1796
1805
1806
1824
1828
1870
1873
1885
1894
1909
1918
1924
1933
1969
1975
1977
2011
2098
2111
2119
2147
2152
2254
2255
2287
2295
2348
2383
2389
2399
2466
2476
2477
93
540
569
581
1157
1266
1547
1678
1774
1801
2516
1442
1821
1595
2221
2390
1241
2467
1811
2135
2297
2414
1932
2358
1964
1755
2077
1814
1890
2447
1289
2468
2469
200
1385
1534
1558
1708
2412
399
1689
2336
1833
1651
106
111
157
184
249
258
268
269
274
299
328
343
348
370
433
436
445
467
476
486
506
593
602
604
697
733
747
752
756
762
777
807
812
863
866
917
951
984
987
1016
1023
1079
1089
1113
1129
1186
1199
1200
1204
1205
1206
1219
1228
1242
1252
1253
1257
1265
1326
1366
1405
1515
1644
1737
1749
1786
1804
1845
1917
1920
1926
1952
1978
2029
2065
2083
2260
2406
378
1237
1944
410
724
1174
1258
1631
2138
607
719
1048
2454
2455
802
1225
2509
655
51
68
72
80
83
90
92
162
181
195
205
214
215
282
307
447
466
483
543
591
640
661
696
701
729
753
789
795
878
887
914
941
956
966
978
992
1063
1081
1082
1085
1104
1106
1111
1116
1120
1137
1195
1197
1218
1226
1245
1246
1249
1286
1535
1539
1641
1643
1665
1698
1746
1793
1816
1852
2063
2070
2079
2446
123
189
255
594
615
898
919
1208
260
352
465
518
531
644
698
776
796
893
897
935
1073
1105
1185
1194
1236
1250
1818
342
373
936
2433
201
323
950
131
487
2451
317
320
2445
105
979
990
2161
628
976
2044
793
1570
2458
196
1424
618
683
2121
1943
583
1007
2453
1507
2142
1406
2168
24
470
1672
1541
2031
1882
2463
6
17
22
120
127
170
172
219
230
251
293
301
318
349
361
398
413
418
441
477
508
515
603
659
668
671
679
711
721
782
786
798
803
836
838
858
905
964
986
1043
1053
1064
1098
1110
1152
1158
1202
1214
1215
1233
1259
1260
1306
1314
1354
1408
1475
1476
1617
1647
1702
1874
1902
1979
2157
2203
2273
2410
2420
2523
2527
100
428
598
1528
1756
1972
2039
2109
2169
2202
2215
2245
2368
2432
2512
1857
519
766
1117
1402
1731
2092
517
1125
1149
1177
1455
2272
2184
2394
2434
1798
2045
2300
2422
82
186
304
362
386
431
549
551
574
612
613
648
653
771
805
835
880
906
938
959
975
1038
1051
1062
1084
1118
1123
1140
1143
1145
1151
1173
1193
1227
1276
1290
1295
1299
1346
1363
1386
1397
1418
1436
1439
1444
1448
1465
1468
1478
1492
1502
1518
1546
1550
1551
1554
1556
1609
1611
1613
1615
1627
1628
1663
1692
1705
1710
1733
1739
1751
1753
1771
1772
1776
1780
1785
1792
1807
1809
1813
1817
1819
1820
1823
1841
1856
1878
1880
1883
1887
1889
1896
1925
1941
1947
1953
1956
1968
1981
1988
1993
1995
2019
2023
2024
2026
2028
2032
2034
2037
2041
2042
2050
2051
2052
2054
2057
2059
2060
2064
2087
2105
2112
2117
2133
2139
2140
2151
2160
2163
2164
2172
2180
2181
2186
2197
2198
2205
2207
2209
2212
2213
2214
2222
2225
2232
2238
2239
2246
2249
2251
2252
2257
2259
2261
2277
2278
2292
2293
2301
2305
2310
2311
2312
2313
2314
2316
2320
2321
2322
2327
2331
2335
2338
2345
2346
2350
2357
2364
2365
2370
2373
2375
2380
2381
2384
2386
2395
2405
2408
2413
2415
2416
2426
2428
2435
2437
2452
2457
2459
2462
2465
2482
2483
2484
2485
2488
2489
2491
2494
2495
2499
2505
2508
2514
2517
98
102
182
207
245
246
275
357
397
442
538
556
595
643
649
652
861
864
876
883
889
910
949
1012
1030
1049
1058
1068
1092
1121
1176
1189
1222
1311
1341
1371
1398
1409
1411
1423
1472
1491
1505
1509
1521
1540
1562
1577
1601
1602
1612
1616
1660
1670
1694
1711
1721
1747
1763
1765
1777
1802
1812
1879
1881
1913
1948
1950
1959
1962
1973
1980
1982
1983
1985
1989
1997
2003
2007
2017
2021
2036
2055
2069
2074
2091
2110
2113
2122
2124
2136
2159
2183
2211
2281
2283
2306
2324
2330
2340
2349
2360
2376
2393
2439
2443
2448
2470
2473
2510
2518
2519
2521
2524
2525
99
178
220
731
1136
1321
1327
1391
1470
1533
1579
1583
1625
1758
1907
1955
1963
2022
2038
2068
2115
2192
2228
2296
2404
2407
2496
2507
110
1567
2016
2178
387
2401
2497
1748
308
609
820
954
961
606
685
1014
1087
1261
2012
2392
2522
124
693
1168
1600
1633
1734
1949
2162
2270
1001
1017
850
2076
2131
2144
840
2461
440
637
2048
1179
1285
566
647
1998
2486
2503
