2868
2640
877
1008
878
326
1640
1031
1622
476
2341
1699
1615
1696
1281
3113
2288
1017
1402
1034
1701
1593
1050
1468
1508
1377
445
1305
1625
1745
1292
1648
1683
1728
1730
1392
1538
1710
1751
1002
3124
1475
1452
1597
1420
1619
1675
999
1405
1417
1628
1032
1703
1545
1660
1424
1487
1277
1716
1624
1102
1304
1278
1469
1384
1560
3128
1551
1279
3188
1462
3137
1673
3107
983
3151
530
1707
1466
1559
1012
1171
1697
1018
1264
1016
3130
984
1617
1541
1098
1557
1465
1409
1550
1581
1485
1391
1539
946
1282
1363
3138
1350
1579
1474
1722
1299
3111
3115
1571
1672
1677
1421
1330
1382
1403
1548
1510
1531
3127
3119
1170
1351
1357
3150
944
1419
1478
3134
2319
1311
1333
1347
1360
1375
1448
1535
1514
1611
3105
3133
3182
1335
1028
1418
1445
1583
3171
1041
1043
1052
1274
1285
1488
1338
1340
1341
1361
1427
1444
1456
3143
1349
1015
1029
1266
1294
1315
1582
3148
1261
1509
3158
1312
1365
1374
1414
1494
1498
1502
1543
1577
1585
3184
1033
1404
531
1271
1329
1518
1454
1105
1265
1269
1295
1327
1380
1439
1567
1573
3100
3110
1301
1379
1334
1490
1492
1513
1547
3146
3175
1367
1378
1458
1526
3161
3176
3178
1332
1470
2371
3132
3157
1287
1306
1383
1352
1572
1605
1652
1715
2329
3102
1411
1556
1464
1563
1484
1578
1746
3106
1030
1283
3139
1552
1726
3108
1460
1504
1522
1713
1721
3190
1610
1237
1047
1323
3122
1511
3142
1527
1020
1355
1537
3168
3141
3152
1671
1324
1001
1500
1540
1435
1314
1512
1044
1309
1441
1483
1493
1051
1400
1406
1096
1479
1401
1530
3099
3140
1097
1449
1268
3164
1289
1326
1362
1320
1412
1428
1519
3165
1434
1438
3160
3166
3181
1014
1359
1308
1684
1318
1477
1533
1555
1691
3116
3159
3186
3109
3135
3153
1413
1316
1442
1482
3183
1459
3169
1373
3096
1387
3095
1489
1501
1723
3097
3144
1288
1381
1013
1390
1364
1521
1354
1331
1446
3121
1286
3180
1394
1687
3125
1506
3163
1027
3156
1344
1408
1260
1317
1369
1410
1432
1670
1425
532
3126
3155
1000
1298
1302
1430
1517
1604
1376
1685
1558
1453
1471
3192
1480
1503
1534
1544
1554
1562
1623
1712
3129
3145
3185
3187
1303
1388
1529
1664
3174
1440
1310
1565
1676
1706
3093
3179
529
1048
1407
1463
1049
1497
1296
1528
1321
1386
1436
1473
1491
1542
1561
1681
3112
1322
1443
1546
1429
1431
1523
1569
3104
1385
1486
1447
3136
3154
3167
1536
1584
3123
1393
1353
1618
3101
1669
1101
1104
1276
1505
1549
1564
2325
1372
3189
1005
1423
1609
3170
3103
1416
1481
1307
1727
1397
2317
980
1100
1345
1415
3117
3162
1273
1328
3120
3172
3177
1342
1395
1337
1516
1045
1568
1346
1457
1507
3173
1422
1003
1356
1553
1370
3131
1300
3149
1655
1476
1496
1700
1325
1686
1524
1291
1590
1733
1451
945
947
1343
1741
1103
1398
1580
1267
1455
1633
1714
1495
1467
1574
1426
1472
1667
1649
1601
1717
1654
1284
1499
3118
1778
1348
1695
1602
1780
1779
1011
1711
1709
1658
1172
1262
1532
1046
982
1607
1234
3147
1169
1235
1339
1596
1674
1461
2229
1735
1450
1270
2335
1575
1371
1738
981
1576
1858
2305
1855
2387
1525
1290
1396
1744
1638
1520
1336
1437
1661
1729
1366
2226
1705
1734
1297
1566
2347
1753
1857
1946
1781
2084
2287
1319
1263
1389
3191
1591
1636
1621
1790
1272
1698
3094
1693
1598
2108
1399
1099
1588
42
1747
1606
1719
1688
1019
1742
1704
1668
3098
1682
2322
1736
1743
2481
1702
1657
1603
2362
1280
1708
33
1653
1035
1656
1732
1629
1570
1595
1236
1433
1808
2936
488
460
2231
375
318
2939
698
808
779
706
428
732
2919
371
464
397
2960
472
692
2920
2938
473
487
720
857
872
685
525
528
695
2914
713
715
844
863
864
923
2941
712
867
1988
492
704
719
730
848
2078
1978
2909
523
676
686
688
693
705
781
847
852
2065
2357
2367
687
703
2358
689
691
807
1984
2086
2088
2092
2093
2913
690
696
1972
1980
2079
2366
699
700
709
855
1990
711
716
717
728
868
1989
2940
727
862
1987
2074
2080
806
843
1991
526
850
683
697
726
729
782
851
866
887
1977
2090
2345
856
1890
1974
1992
2087
2089
2912
1979
1983
1986
2077
861
2911
1889
1973
1976
2075
2316
3199
1985
2906
2942
2943
2926
718
2076
2309
2944
2889
2353
2085
2885
2894
677
2916
684
1982
849
2910
2929
2927
2928
486
694
783
721
2972
463
2904
2915
886
400
854
731
2971
456
937
2957
702
1156
846
420
1079
2902
2969
1148
319
725
1164
2812
2970
2311
1093
2984
1086
2952
2025
1240
1137
521
875
1244
2898
2827
1126
2816
2842
2533
2966
1592
2745
2829
2869
1088
2520
2851
429
948
1193
2532
2951
679
2805
668
931
2817
883
925
997
2373
2528
2742
1076
1161
1209
929
2953
977
2524
2958
2967
1141
2787
1063
986
1167
1110
2986
934
1055
979
1066
1109
1081
1223
1054
1121
1174
2023
1067
2149
1191
1059
1075
1070
1178
2021
1107
1231
2782
2527
2041
1232
874
396
1122
993
1057
1006
1037
987
669
2529
1007
1113
1072
2807
2810
1062
1078
1022
1125
1247
2739
2806
2874
1129
926
2663
1251
2899
2655
949
1117
1040
1061
995
2301
2033
869
1200
2961
2040
996
1220
1073
1210
976
2660
970
1132
967
1224
1130
935
990
963
2020
2342
1010
2846
941
1140
1214
2977
2024
879
1252
1039
1241
1025
1218
2901
2151
928
1179
1182
2859
1239
2896
2948
2835
1190
2968
2877
2837
2746
2019
2871
680
2821
991
1064
2741
2861
736
2848
2845
2856
921
1155
2850
1192
2820
2855
940
2530
2738
1215
971
974
2838
2841
972
1084
1139
1089
2830
870
1133
1208
2656
2803
2808
2802
1118
2659
1201
2032
2791
2664
1238
1189
884
942
1087
1204
354
804
965
1250
2521
2801
1134
1152
1163
2658
2652
2813
1195
1154
1146
2867
1259
2831
1202
2809
1069
1217
2215
1157
2973
1160
1186
1119
1151
737
2796
2818
2783
1184
1024
2964
1153
2798
1112
674
1243
2649
780
2531
1180
1135
989
2792
1166
2522
2641
2980
2954
1206
2978
1177
805
859
961
1162
2039
2647
2797
1242
2840
2526
1216
724
2800
1219
2518
2875
1116
2375
2516
2950
681
2979
1115
1092
1246
2819
786
2975
1023
1187
2523
2017
672
708
2956
1083
3198
2744
1258
2793
2836
2828
670
969
952
2525
1249
2038
1256
2028
2200
1090
2833
2795
2035
2743
2665
2853
2872
2022
1128
3196
1645
722
1095
1221
2026
682
1158
1150
2789
2207
2866
930
2034
2300
1248
880
1203
2781
2858
2666
2517
1091
2870
2740
1159
964
2873
1145
734
2657
2864
1229
1147
950
2302
1188
2786
2643
2822
2949
988
960
1175
2843
2834
2849
2860
733
975
2018
1199
2862
1228
784
1021
1212
860
1181
2073
962
1026
2150
2854
1254
1085
2847
1124
1074
2654
2519
2981
2206
471
938
1082
2029
1196
2737
2865
2959
1245
973
885
2794
2515
2815
1226
2036
1127
735
2662
1165
2785
678
2644
2811
1138
2976
755
873
675
1233
1136
2650
2826
2637
1194
959
2965
2876
922
1222
2983
2897
1825
2825
943
1071
994
1114
1168
966
845
881
1198
1143
2832
2639
2863
2195
1065
871
2955
1211
328
387
522
756
1009
2839
2852
2963
1120
1131
1197
785
1207
2653
2027
2651
2799
2016
2030
2784
1094
1183
1185
2037
2646
2814
399
673
882
927
1080
2857
1176
2031
707
2823
1230
2299
1205
1213
1144
1123
671
1142
992
936
2844
1038
939
2645
1058
1108
2985
2303
985
2661
723
1227
876
1253
2788
968
1060
1077
1111
2790
2638
932
1149
978
1036
1056
951
1255
1225
2648
1053
1257
2804
1752
2193
442
1848
2933
320
1840
2900
451
479
466
261
480
865
440
468
454
361
2934
933
317
2917
433
1981
447
402
2091
2888
406
2974
385
551
1749
1173
1587
1586
1589
1725
340
1678
439
432
474
524
364
527
2893
2882
1880
295
2202
1847
2642
335
858
2947
2390
1106
2908
2192
1756
1720
611
998
417
1787
2886
2448
95
298
51
92
2205
2213
2937
3027
147
339
481
355
1819
431
2360
2922
20
401
36
607
39
545
585
1791
1804
2296
2496
3078
1758
3091
68
2130
97
1843
2419
104
106
135
149
1999
2384
2433
2511
2512
3011
116
180
2199
297
509
554
580
1850
1870
1884
2346
2452
1776
1784
69
1820
2011
2121
176
336
346
444
315
2372
3023
3082
490
602
565
329
332
1854
2505
3033
569
2210
342
1905
2892
1718
1907
1068
540
3006
1826
1839
2475
327
300
500
2478
1803
1863
2270
2988
3064
555
389
1600
2102
2269
7
38
321
366
351
502
576
542
564
605
1763
3077
610
1614
2905
1865
1874
2010
2124
2451
2312
2398
2466
2987
3029
3043
498
458
2204
50
172
383
2001
391
450
1761
99
544
559
2190
341
1957
1612
1852
26
76
171
181
443
507
2489
87
2369
382
3046
435
1759
2129
1873
3087
174
3069
107
112
1817
1997
2324
127
2430
169
504
1954
3197
102
142
294
3030
570
2280
2457
2499
101
436
503
835
1829
1877
2002
2394
3016
1888
2990
146
1851
2453
3066
478
2456
1788
2994
1792
2274
836
1869
1813
410
1810
163
2486
2507
74
333
2338
3039
2989
3074
1795
2132
2304
1842
541
3032
1882
2328
132
1793
3045
299
3010
81
2120
2265
2450
1799
2196
1794
369
343
3063
2272
2488
1004
1887
2209
1630
1731
323
1644
380
77
2467
1814
2012
1768
152
83
2268
2125
2264
2895
2471
3050
2131
1797
2887
714
2298
1862
1875
1634
2197
2191
260
11
1739
2117
125
2194
2290
1900
322
23
2991
386
2426
574
2286
2382
41
2461
2493
552
1949
462
2925
2492
293
3055
1958
1767
3012
465
111
86
2431
513
491
3059
600
120
838
2993
1864
3036
2435
2504
2997
1818
56
141
1899
833
1837
3068
1368
1821
8
1861
591
2277
31
413
1812
9
1679
30
78
113
356
423
2418
18
2098
2423
21
2464
2000
549
161
1800
2500
131
3013
155
427
2306
143
512
1783
1879
2497
562
2468
3002
1866
2459
14
3065
15
1911
19
1809
2480
2509
139
422
16
48
119
156
334
461
1902
1807
1950
2424
2427
2310
2441
494
510
2118
3076
144
2285
2408
1754
37
2350
3009
292
597
368
517
596
560
519
579
1805
1904
2437
40
582
2281
1694
475
2476
1639
1827
2477
1774
2878
1806
29
58
452
408
604
2490
496
2995
558
575
588
3037
1762
1789
1831
1959
2094
2326
2409
2432
3042
3072
2415
3003
3031
168
2513
3071
1901
1881
1816
398
577
2
837
3024
2918
483
563
374
412
330
2273
2824
924
426
2923
415
477
372
404
358
2883
2201
353
226
2203
2214
1953
511
105
1773
489
2932
2881
407
2884
154
2930
1801
2401
1786
2368
370
1867
2924
2935
384
543
3075
2442
316
2921
2891
434
2890
448
2008
263
347
1635
414
3000
175
2992
34
557
2275
173
2127
459
1868
2293
2003
1832
2101
2907
1620
1650
1824
1841
1845
32
1313
1613
1616
2982
378
3080
1663
505
2903
296
2095
2297
1913
89
3015
2263
550
75
592
145
148
568
2007
2454
2404
3025
3038
47
1760
2406
2005
325
1955
424
1828
515
2503
3051
2006
2097
484
28
137
2460
2482
1665
1796
1909
3035
3060
2410
3014
1666
1994
1833
2334
376
337
179
2279
409
430
64
2474
497
2485
158
3052
449
363
446
1871
390
2879
1643
1651
1626
35
469
2198
501
841
3079
1647
53
3
22
60
1822
103
546
1662
1775
1996
167
118
121
2292
2445
2473
1835
1724
25
495
1836
2414
379
1757
2212
54
357
516
3053
1815
2413
2514
2506
338
1834
128
3086
1912
612
79
834
1766
418
2484
1642
110
2996
1515
1042
1748
1680
2429
1798
457
1608
1646
2444
485
3001
3088
345
2411
1
377
425
3041
403
1844
2363
2458
2510
2370
441
98
587
2463
388
1659
360
710
2501
4
24
470
2283
411
2440
130
3018
3028
57
59
2015
1358
2416
151
1770
2491
2099
2318
3070
1885
5
85
567
1782
419
162
421
65
66
126
2447
331
1755
2262
2412
2421
572
159
539
392
573
599
1737
109
138
609
3073
1878
2014
2128
2266
2422
2495
2271
2494
3004
3057
150
140
13
90
3020
548
601
3061
3092
581
2443
3114
2465
3090
1275
1293
2403
1689
93
3047
96
108
123
157
2013
133
2107
136
178
1823
61
122
166
2998
381
830
1764
160
3067
1772
1908
10
63
1838
1993
3085
2294
2307
2446
2469
3021
3194
2420
129
365
405
2434
499
608
2439
2361
2946
1876
586
2289
3017
1627
1956
80
393
482
520
571
578
593
829
1906
2119
2313
2449
2999
2396
2498
3044
1740
1830
2508
3007
2122
455
2470
177
114
2945
349
71
828
367
27
117
395
1846
1883
2126
2438
2123
2483
1692
2417
70
170
589
2400
2295
590
831
2105
1951
514
584
3005
3081
556
506
62
164
1785
3054
595
453
1765
88
100
1777
2004
518
1886
2425
1910
3049
2436
1750
2359
778
124
2284
701
2103
17
2962
493
1637
1594
2349
2931
3040
2407
67
153
348
362
437
438
2291
2327
2405
2487
3022
72
6
44
3048
82
165
467
606
1771
1859
1903
2399
94
3008
2397
2462
2502
3058
2009
262
594
2100
350
359
508
43
1690
1860
1998
839
3084
3083
49
324
3089
73
352
3062
45
2211
2106
566
1853
55
2096
115
84
832
46
1599
2428
2267
547
373
224
134
394
2104
553
2276
2278
2880
3034
2402
1995
1769
2282
2356
52
225
840
1849
1952
2479
1872
344
583
598
3019
3056
91
603
2336
2455
3026
561
12
1811
2472
1802
2208
1631
1975
2339
416
2374
2045
853
2043
2051
2061
2391
2047
2232
2732
1921
2046
2692
2377
2635
1632
191
2059
2049
2340
2584
793
2590
2577
1856
187
235
237
273
282
285
634
842
888
2355
2541
2550
2593
2714
2754
2763
2775
2675
239
306
776
1938
2174
2241
2603
2616
662
1896
2185
2713
2731
206
1891
2686
2621
740
902
1641
766
2247
215
2595
2183
2217
2155
2111
1924
752
2056
2233
2587
312
775
798
2561
2669
2543
2672
911
2320
2380
2555
291
617
749
2757
616
1971
2625
2733
258
818
213
2176
2685
738
1892
1968
2560
228
2558
2540
2620
192
889
898
2136
2184
265
286
2261
618
641
1941
2259
2535
1917
2052
2167
2573
2582
2611
2062
2568
2575
801
2055
2243
2252
1893
2777
2702
2598
2182
797
249
2566
661
958
2589
2722
264
750
822
917
2308
2670
1947
2172
2537
186
2614
2083
2624
1898
2723
1934
2153
819
189
626
817
904
196
209
272
304
653
1962
2161
2162
2242
2258
2315
2388
2565
2569
2574
2698
207
269
635
650
666
912
2064
2188
2545
2619
2704
2710
2711
2753
2778
2109
2234
238
1927
1935
2225
2337
280
628
796
2082
2110
2134
2137
2180
2257
2551
2755
190
240
288
2706
2758
533
536
2724
613
954
1943
2548
2142
2383
622
638
739
1964
2615
2683
2617
2693
2765
2189
2146
2557
899
194
629
2246
2703
2138
193
195
795
2143
248
270
277
625
2768
663
742
762
824
910
1948
2152
2235
2381
2712
289
2385
278
2135
2160
2717
220
205
2705
2081
896
254
271
313
534
2364
305
2063
2115
916
2534
1940
2255
659
1966
2058
2071
253
627
2050
643
953
654
2613
2144
2725
655
2147
1894
2222
2224
648
665
827
1923
2612
2630
2772
197
259
2700
3195
900
2544
2694
257
247
2546
275
2750
303
2771
2333
2618
639
2767
667
645
314
816
826
2596
2728
245
2572
2751
2157
202
241
770
2774
2249
283
914
284
2256
211
2552
2141
2629
2684
907
642
790
1928
2068
2245
2227
2178
2133
2667
2599
2221
647
2253
821
792
2331
2718
2187
2682
2164
658
2594
2236
244
956
1931
2556
2220
2726
2228
2251
746
2779
2060
761
1939
2570
2748
2158
2186
2376
637
2597
767
2112
788
906
768
276
1897
656
2681
890
1944
216
757
759
764
773
897
2159
2689
772
633
813
2054
274
2592
2773
229
2583
652
2156
2579
651
791
2230
630
2057
2177
2716
2752
2048
2173
763
2668
765
183
614
2736
2687
188
2344
2720
2697
281
2354
231
640
909
1929
2365
234
2181
2379
743
227
2069
256
266
624
918
1937
2219
2691
185
2332
774
2581
2576
2260
751
2140
2627
2549
905
895
1918
1933
2163
2695
2701
2707
2536
2607
2688
2170
2677
2321
2562
620
222
1969
2352
619
217
2066
1961
1895
2636
615
919
255
2610
1920
2756
754
1925
825
2578
2628
199
243
311
1919
2238
2248
2633
214
621
267
1926
2168
2729
811
2542
2780
623
820
794
2237
901
2680
308
800
2567
2634
287
2770
2761
2708
2395
2600
2389
2608
538
309
2154
2571
2631
268
2604
644
208
279
657
2605
2769
747
2735
802
203
744
891
2674
2139
2762
2330
182
252
230
2171
302
2747
2113
198
1914
2591
745
200
660
787
2678
777
823
2067
2553
2386
2392
2671
2673
2690
2709
2715
2760
2042
2601
210
741
748
758
1967
2175
2766
903
664
2563
2676
307
537
810
1916
1965
2679
2730
2602
3193
2623
2622
204
2165
212
218
535
2148
221
2764
2580
2749
789
892
920
957
2169
803
915
2166
2348
1945
233
2044
636
2776
2114
2559
2539
2323
2538
2727
1915
1922
2734
184
799
2586
2699
201
219
2696
2554
223
1942
894
2072
2759
290
301
753
769
809
812
2393
2223
2632
250
2053
646
310
913
955
2239
2719
1970
2351
2145
2244
2606
2179
2216
2218
232
2116
236
242
246
1960
251
631
632
649
760
815
1963
2626
771
893
2564
2588
908
1930
1932
1936
2070
2240
2314
2585
2609
2721
2250
2254
2343
2378
2547
814
